-0.33598031681747 -0.274476821815659
-0.597965598462917 0.0461650879987341
-0.322031058669448 0.243882865391622
-0.260774742962584 -0.305676302666322
-0.533691091608247 -0.159817009542938
-0.535093686010952 0.229013636203903
-0.470089362697782 -0.143951773761108
-0.244349400356109 -0.281797230609718
-0.595568139019655 -0.0110939722598702
-0.344248456934583 0.267605551141022
-0.317644510045486 0.347482510169165
-0.378648169775768 -0.205039580007529
-0.49876626486437 0.176931733121506
-0.307931026022972 0.234255376495253
-0.505124908546216 0.134901404266897
-0.560997451900585 -0.179523408243403
-0.343414941179166 -0.299626093403001
-0.524666301886782 -0.164533813685949
-0.513743613442941 -0.125820874923593
-0.594879129668357 -0.00907628130543578
-0.521849171887489 0.119202001673354
-0.59907169046531 0.0983757766923772
-0.592121223264871 -0.10159110969012
-0.596731732628568 0.0698506040735296
-0.533707126131915 0.156621183613229
-0.599892146440794 -0.0314059798612171
-0.577752377506521 0.0610408232165498
-0.582740861500499 0.0113777616692427
-0.425901332152514 -0.237758237586554
-0.398724126991111 0.239670110018844
-0.277707173749671 0.290796164473381
-0.461067365546151 -0.202394036772907
-0.355270681458656 0.261991131219637
-0.406374487251002 0.180723207110451
-0.485272014843844 0.171276821462268
-0.467671143658563 -0.120353299431327
-0.48730799908857 -0.180760820542765
-0.298733032488298 -0.237539183437604
-0.569725945243121 0.0554691582895056
-0.598619437166934 0.0724951660121796
-0.347029513681077 -0.336186017048615
-0.441577053749402 0.280008633991292
-0.554412851519346 0.0651587327048985
-0.419449146518408 0.341838158112233
-0.49349549468928 0.156958460225372
-0.575164792571117 0.159492537575035
-0.599961189959979 0.00505348092307657
-0.289147829144245 0.251052469523721
-0.268767923628197 -0.257588405811425
-0.597353391481673 0.0307314009356731
-0.292155697464279 -0.225184418713387
-0.41082417791626 -0.190358215539753
-0.577926460019245 0.128943431812749
-0.331851303868291 -0.353599065687054
-0.577956908298296 -0.039327423636318
-0.459937296038009 0.129300624069323
-0.456940467433065 0.220777264073338
-0.25842814857004 0.185319625700886
-0.475158108126404 0.189772723986715
-0.415654539205476 -0.0929408414161615
-0.379005054618671 -0.233502244619378
-0.597347928989177 -0.0137436639661624
-0.26401968318253 -0.35133349755802
-0.00203440153708268 -0.744540545002299
-0.277968941330552 -0.868075251871394
-0.339225257037416 -0.38897916874845
-0.066308908391753 -0.486254038836205
-0.0649063139890483 -0.766407803914019
-0.129910637302218 -0.376584237955994
-0.355650599643891 -0.256518301007652
-0.00443186098034454 -0.642774939875978
-0.255751543065417 -0.832709622373706
-0.282355489954514 -0.80615119793371
-0.221351830224232 -0.409305293206188
-0.10123373513563 -0.706587433551125
-0.292068973977028 -0.869670456965734
-0.0948750914537839 -0.817955948592354
-0.0390025480994153 -0.579289369393307
-0.256585058820834 -0.342814574398602
-0.075333698113218 -0.504237370572425
-0.0862563865570593 -0.491385191264829
-0.00512087033164332 -0.645652641981478
-0.0781508281125112 -0.731193663029635
-0.000928309534689808 -0.703672433178431
-0.00787877673512938 -0.703062939065358
-0.00326826737143215 -0.645432615901222
-0.0662928738680852 -0.706471712074306
-0.000107853559205506 -0.660704170685801
-0.0222476224934788 -0.664234934315713
-0.0172591384995009 -0.709180889603771
-0.174098667847486 -0.345270102586851
-0.201275873008889 -0.83933215020813
-0.322292826250329 -0.927688689543447
-0.138932634453849 -0.438987364324089
-0.244729318541344 -0.864527301681952
-0.193625512748998 -0.790623571268677
-0.114727985156156 -0.759275392483818
-0.132328856341437 -0.354408130975748
-0.11269200091143 -0.475852261868928
-0.301266967511702 -0.294819908626547
-0.0302740547568787 -0.721344463154297
-0.00138056283306609 -0.564825187939397
-0.252970486318923 -0.394882620615001
-0.158422946250598 -0.793689260807413
-0.0455871484806541 -0.715732496240297
-0.180550853481592 -0.861185531128015
-0.10650450531072 -0.851532435311685
-0.0248352074288831 -0.677622574549925
-3.88100400211533e-05 -0.613547834680159
-0.310852170855755 -0.840146489257034
-0.331232076371803 -0.368000536293486
-0.00264660851832721 -0.69800151759504
-0.307844302535721 -0.383721256588258
-0.18917582208374 -0.348131000645018
-0.022073539980755 -0.750774913080095
-0.268148696131709 -0.348922700475936
-0.0220430917017036 -0.523258376717775
-0.140062703961991 -0.726441645543578
-0.143059532566935 -0.780865273240859
-0.34157185142996 -0.807749899371045
-0.124841891873596 -0.793464723196369
-0.184345460794524 -0.356159793498637
-0.220994945381329 -0.31797265434496
-0.00265207101082299 -0.647761785713425
-0.33598031681747 -0.274476821815659
-0.597965598462917 0.0461650879987341
-0.322031058669448 0.243882865391622
-0.260774742962584 -0.305676302666322
-0.533691091608247 -0.159817009542938
-0.535093686010952 0.229013636203903
-0.470089362697782 -0.143951773761108
-0.244349400356109 -0.281797230609718
-0.595568139019655 -0.0110939722598702
-0.344248456934583 0.267605551141022
-0.317644510045486 0.347482510169165
-0.378648169775768 -0.205039580007529
-0.49876626486437 0.176931733121506
-0.307931026022972 0.234255376495253
-0.505124908546216 0.134901404266897
-0.560997451900585 -0.179523408243403
-0.343414941179166 -0.299626093403001
-0.524666301886782 -0.164533813685949
-0.513743613442941 -0.125820874923593
-0.594879129668357 -0.00907628130543578
-0.521849171887489 0.119202001673354
-0.59907169046531 0.0983757766923772
-0.592121223264871 -0.10159110969012
-0.596731732628568 0.0698506040735296
-0.533707126131915 0.156621183613229
-0.599892146440794 -0.0314059798612171
-0.577752377506521 0.0610408232165498
-0.582740861500499 0.0113777616692427
-0.425901332152514 -0.237758237586554
-0.398724126991111 0.239670110018844
-0.277707173749671 0.290796164473381
-0.461067365546151 -0.202394036772907
-0.355270681458656 0.261991131219637
-0.406374487251002 0.180723207110451
-0.485272014843844 0.171276821462268
-0.467671143658563 -0.120353299431327
-0.48730799908857 -0.180760820542765
-0.298733032488298 -0.237539183437604
-0.569725945243121 0.0554691582895056
-0.598619437166934 0.0724951660121796
-0.347029513681077 -0.336186017048615
-0.441577053749402 0.280008633991292
-0.554412851519346 0.0651587327048985
-0.419449146518408 0.341838158112233
-0.49349549468928 0.156958460225372
-0.575164792571117 0.159492537575035
-0.599961189959979 0.00505348092307657
-0.289147829144245 0.251052469523721
-0.268767923628197 -0.257588405811425
-0.597353391481673 0.0307314009356731
-0.292155697464279 -0.225184418713387
-0.41082417791626 -0.190358215539753
-0.577926460019245 0.128943431812749
-0.331851303868291 -0.353599065687054
-0.577956908298296 -0.039327423636318
-0.459937296038009 0.129300624069323
-0.456940467433065 0.220777264073338
-0.25842814857004 0.185319625700886
-0.475158108126404 0.189772723986715
-0.415654539205476 -0.0929408414161615
-0.379005054618671 -0.233502244619378
-0.597347928989177 -0.0137436639661624
-0.26401968318253 -0.35133349755802
-0.00203440153708268 -0.744540545002299
-0.277968941330552 -0.868075251871394
-0.339225257037416 -0.38897916874845
-0.066308908391753 -0.486254038836205
-0.0649063139890483 -0.766407803914019
-0.129910637302218 -0.376584237955994
-0.355650599643891 -0.256518301007652
-0.00443186098034454 -0.642774939875978
-0.255751543065417 -0.832709622373706
-0.282355489954514 -0.80615119793371
-0.221351830224232 -0.409305293206188
-0.10123373513563 -0.706587433551125
-0.292068973977028 -0.869670456965734
-0.0948750914537839 -0.817955948592354
-0.0390025480994153 -0.579289369393307
-0.256585058820834 -0.342814574398602
-0.075333698113218 -0.504237370572425
-0.0862563865570593 -0.491385191264829
-0.00512087033164332 -0.645652641981478
-0.0781508281125112 -0.731193663029635
-0.000928309534689808 -0.703672433178431
-0.00787877673512938 -0.703062939065358
-0.00326826737143215 -0.645432615901222
-0.0662928738680852 -0.706471712074306
-0.000107853559205506 -0.660704170685801
-0.0222476224934788 -0.664234934315713
-0.0172591384995009 -0.709180889603771
-0.174098667847486 -0.345270102586851
-0.201275873008889 -0.83933215020813
-0.322292826250329 -0.927688689543447
-0.138932634453849 -0.438987364324089
-0.244729318541344 -0.864527301681952
-0.193625512748998 -0.790623571268677
-0.114727985156156 -0.759275392483818
-0.132328856341437 -0.354408130975748
-0.11269200091143 -0.475852261868928
-0.301266967511702 -0.294819908626547
-0.0302740547568787 -0.721344463154297
-0.00138056283306609 -0.564825187939397
-0.252970486318923 -0.394882620615001
-0.158422946250598 -0.793689260807413
-0.0455871484806541 -0.715732496240297
-0.180550853481592 -0.861185531128015
-0.10650450531072 -0.851532435311685
-0.0248352074288831 -0.677622574549925
-3.88100400211533e-05 -0.613547834680159
-0.310852170855755 -0.840146489257034
-0.331232076371803 -0.368000536293486
-0.00264660851832721 -0.69800151759504
-0.307844302535721 -0.383721256588258
-0.18917582208374 -0.348131000645018
-0.022073539980755 -0.750774913080095
-0.268148696131709 -0.348922700475936
-0.0220430917017036 -0.523258376717775
-0.140062703961991 -0.726441645543578
-0.143059532566935 -0.780865273240859
-0.34157185142996 -0.807749899371045
-0.124841891873596 -0.793464723196369
-0.184345460794524 -0.356159793498637
-0.220994945381329 -0.31797265434496
-0.00265207101082299 -0.647761785713425
3.02550066801919 -0.602117875889773
2.97282151033077 -0.543197921844398
3.00389365111525 -0.626542524740286
2.94967234647242 -0.565287025718522
2.90204812424893 -0.43932341398903
3.0167022810675 -0.458383607729453
2.95919706335908 -0.410970251959991
3.01654672716383 -0.307912850995175
3.02137031902897 -0.291708110787868
2.88697766246183 -0.362686863558978
2.9504927358802 -0.251510213481972
3.02983741976172 -0.172515131901948
2.92851750033695 -0.240582403441337
3.01673150245263 -0.231488745749454
2.97345132886048 -0.140020092429653
2.94148844356154 -0.00423963817313794
2.96049719202697 -0.0336697645391472
2.9152996744055 -0.0609139441016145
2.96469519961544 -0.040263775976946
3.02335951687831 -0.0673511774598404
3.03710535672446 0.0705762686955311
2.94163034630895 0.0287486073075837
2.95390052510611 0.111340405303695
3.03396489071345 0.110371452643719
3.03828554404426 0.234400040855443
2.96310275932494 0.190100617563286
3.01630109442472 0.285727675238832
3.00597905725078 0.327560994637084
3.04603783500043 0.268866295934309
2.96361769755906 0.318708586324816
2.95144744016271 0.331060984869636
3.04000384831797 0.447157499485786
3.02319536018176 0.449479623783132
3.09625601553307 0.406002068217965
2.916649152546 0.562673855117209
3.00633740470499 0.491424817631817
3.03787691875457 0.636381042544581
2.94217276120097 0.570116231849634
3.02596029200624 -0.592673438031409
3.00347729712959 -0.570600995533492
2.94094003523965 -0.468140084723894
2.93638443811654 -0.516045265990963
3.02564070492374 -0.457501086997926
2.88051355345035 -0.401535496980505
3.00316683219206 -0.487599102973377
2.99994068445343 -0.322848251912657
3.00960691879754 -0.374210116735985
3.06090246613941 -0.290319507171837
3.04724784400135 -0.329587083144872
2.95528617326515 -0.25568919192828
2.89743316402335 -0.152508416676177
2.97251991171518 -0.18142317674565
3.06752791072843 -0.154011708650741
3.10702667313842 -0.128024931388498
2.96058857579329 -0.0797517048431617
3.02623739666875 -0.0636401809651778
2.99203434113029 0.0436054966131275
2.98291836433565 0.0446044452044091
3.01611485405565 0.0371836932020231
3.01872793278746 0.125398094377014
2.96899952616113 0.134851597326915
3.01244631500118 0.158445760152785
4.96519873645509 0.98333553163376
4.9550022240109 1.03639707595515
5.05058234790251 1.00928918725389
5.03086254373157 0.982830128707867
5.18571890441842 1.03376266666906
5.25031459481529 1.03338350944517
5.10228598963657 0.957714379638297
5.18440493222639 1.03649945101292
5.24664057465995 1.00292471929677
5.29793863554857 1.02031509501353
5.36081189148952 0.975075673697968
5.40579167769529 0.961263605597267
5.33305253555858 0.885890380537984
5.38960693653982 1.01523082291775
5.41995783270659 1.0019060918159
5.54914444714642 0.930331439186418
5.52594615644982 0.98314143946191
5.61458637057836 0.952807114477319
5.584992836588 1.03927956775206
5.68636479576165 0.950109859126922
5.65849467406687 1.01247453199408
5.63759829670724 0.974755562815322
5.61070431091053 1.03743393246843
5.80625335546872 1.02493801124878
5.81633706048872 0.946466469520132
5.8720777183344 1.00259242626125
5.82155825586703 1.01909718815482
5.84004967443045 1.06435401080649
5.90481450376459 0.961170206205256
5.9454013023225 0.957000537583697
6.02349351188369 0.987904043680602
5.99527348778929 0.998645117590197
5.00208726106762 0.968134444945942
5.0780236898607 1.01576778566736
5.01679199524846 1.02576891078035
5.09109296473819 1.05284962593505
5.00445968446159 1.02442915155445
5.13028155847735 1.0218164115632
5.24216971478117 1.0116105032742
5.16394033792712 0.912768646537262
5.30516924568709 1.02405947979333
5.3402052360087 0.971430053240412
5.28203326632554 0.941547138636537
5.40329199011851 1.06728016552904
5.47049530343465 0.995477351630387
5.49274937459021 0.988731568338176
5.33111964260464 0.948736725797727
5.46709144737535 0.987987375831137
5.41211495342584 0.926421296353458
5.51345007570564 0.975460409766784
5.59670125478679 0.976782061132115
5.6184092277997 0.920967579995022
5.66379987525631 0.952781879621861
5.72177792869081 1.00724560492227
5.69460303019199 1.01564930254817
5.69513373100242 1.0125055861963
5.73373238615536 1.02633710272923
5.73242855030037 0.963807313007438
5.81166350735532 0.997817117433961
5.81960731889726 1.04855284936194
5.77514039443564 1.01411480917255
5.90702269674692 1.02151118245837
5.50746081215627 -0.921925615804124
5.49002878982227 -0.963285846357227
5.54247133300503 -0.999474326818363
5.52190980958112 -0.931072175819241
5.53202047504529 -0.86766691523528
5.40055214624103 -0.828383362767721
5.45963355218082 -0.753704673764887
5.42645898226966 -0.690255806207241
5.44679297718221 -0.717002469907661
5.44987030060474 -0.684469733445816
5.5377650393796 -0.633438997856585
5.48161755091099 -0.588548097614086
5.44018059086414 -0.536844542067634
5.4365341201453 -0.540013598023252
5.58402134717615 -0.520557728192685
5.47440907260961 -0.427891363131482
5.53617644826878 -0.482693365192846
5.52476611898608 -0.438508602818401
5.49883319433466 -0.370687456908907
5.54469745765873 -0.384783387511003
5.62023300337271 -0.347228702303484
5.5453546469312 -0.298297372226831
5.45965533858673 -0.286050420087427
5.50898585410117 -0.331003840154268
5.47709133507733 -0.199069687665838
5.51153091735437 -0.175277466844718
5.54745568747073 -0.135335875143006
5.51428438570096 -0.107828218846829
5.52027097845598 -0.0680417772862284
5.49670792954696 -0.14826604464065
5.43539289065865 -0.0889564978885146
5.46085213365993 -0.0058093373922988
5.59799825842527 0.0491516796239194
5.54342019193897 0.0433130864770144
5.42482738086207 0.0970578224466627
5.46021344166176 0.116124694093646
5.46149718155826 0.0571317207335124
5.53534279301208 0.202157334079279
5.49441381487323 0.186096392439962
5.62196641203526 0.31492746784294
5.54862599435437 0.352226696454766
5.55717818658531 0.388163213648956
5.53983015917132 0.364231323572561
5.55023672475344 0.473684470725443
5.48277719389582 0.440687615508262
5.55452072471386 0.429166912882286
5.49420264987007 0.546583324779011
5.50452885695731 0.502276625888839
5.51574055987041 0.597614233182338
5.50944210683357 0.569127484240808
5.44706748093787 0.598038472961717
5.50721178919515 0.777745752980473
5.47021920647347 0.651993776967239
5.51925485301334 0.730204300401028
5.54712390702161 0.795280098649573
5.44770494338979 0.724243762162687
5.47915822990211 0.847440964003793
5.47288345322174 0.732704140982697
5.49036756722608 0.861429523108879
5.49385964824553 0.863596920760209
5.53959357402004 0.9359672180237
5.47366694839121 0.942945467756399
5.50746081215627 1.07807438419588
2.71007188177914 2.43064109409698
2.2062005819767 2.03567123782422
1.23289959886069 1.1131916466109
1.30622562934755 1.16540595402062
1.17331620713947 -0.915857573750364
2.61308148444967 2.54534129170267
1.42702605532125 1.15977766851377
1.88929577644773 -1.79910066294048
1.35747265742302 1.18534817029436
3.1606914261628 -2.8271131626264
1.67537595543728 -1.51199997806405
4.17544077163585 -3.20645309282183
3.17632419827458 3.03744067056522
4.05153645415596 -3.13084476121616
1.75515233022 -1.99440933460709
3.63142244434176 2.88457734313747
1.68153983165553 1.91171560356078
1.54423283996613 1.40723732304196
4.42994944812488 3.19005221017113
2.87780715267341 2.45833259279627
1.03297530355856 0.617272052106176
1.1788575772947 0.64924870814978
3.47598944993428 -2.88624557005018
3.86408798154634 -2.95258111360896
2.53631139336972 -2.20865280431387
3.50909482907948 -3.03393697222703
1.07501804572809 0.568101994057493
1.18042927630338 -0.842223494613364
1.37882761637841 1.26060031777826
3.68011395996859 -2.72565809126648
3.4874814957225 3.11603261489875
1.14126553180065 -0.650024048975026
1.84777197210086 1.64558891847499
1.08159275788048 -0.506701644062848
3.32288159038293 -2.53829149514681
1.74219823177664 -1.58693891766
1.56017838866605 1.64282663880043
1.02132493055732 0.0531655692306053
4.15949381641261 3.24462012374313
1.06001386254586 0.249877865420076
1.17282416855014 1.01090344836719
1.73927214618896 -1.81559037283116
1.82806031442286 2.14967031401838
2.72428739521135 -2.39447551852657
1.02108648148813 -0.2491119698567
2.06197602919792 1.9686073563231
1.00475453110974 -0.0110002584048917
2.63052671647632 2.31450405238399
1.10502468017766 -0.702736914896358
3.18076230342669 -2.78293191916887
1.13085461565068 0.647933417502094
1.02501080275536 -0.173729076749464
1.0927673235222 -0.416205842140191
3.62339038723843 -2.82102836605138
1.11750358040971 0.810666571867807
1.9350646847463 -1.75982948912001
1.73224060372811 -1.37246958745267
1.00131450692257 -0.117619911028935
1.97711091911287 1.68768975068058
1.34959372619689 0.966574260952724
2.57391829318551 -2.44788167358193
3.76294273213438 3.25859942939484
1.54229764528677 1.3618580741948
1.06715723076531 -0.503826719507845
1.15807926236083 -0.533490355272261
1.03917147331005 0.50040356979758
3.38376708878748 -3.02546512523008
2.24777101838884 2.25903951749703
1.23761442340316 0.8491916549154
2.06516876474864 -1.96568922874082
4.34983489547868 3.49089243397762
1.01306473456788 0.136710011500048
1.70591897345042 1.59732188881892
1.28301030004408 1.12257672594213
3.19742715525354 -2.4957393634557
1.01675394809273 -0.104914597765626
1.1255870511803 -1.03165773231875
3.25235412387439 2.65749340563966
1.01798986917566 0.116317646938012
1.41587991012756 -1.17938708090787
2.33391232361429 1.88597039929999
2.78685532078853 -2.60612062882845
3.98323072030569 3.50884754735297
1.94739865475625 1.6790061212316
1.11050392036483 -0.564348088249187
4.47881512491131 -3.27585384942073
1.47907132963462 1.40509617450956
1.35466585896471 -1.18467151928701
1.00816063798672 0.224696469323085
1.00296759775661 -0.149466831303954
1.31649735290283 1.16161708677766
1.14244992593887 1.04318384195973
1.03551114962649 0.517954549346934
1.82692096491446 1.75437437906832
3.53127340740884 2.89951611345403
1.17673809772131 0.814190903194397
1.44481744180167 -0.934703384379503
1.1892824124997 0.838731285394323
1.95798407169436 -1.58850098246582
1.41845415085837 -1.43023489901827
2.27455204036664 -2.19286322304508
1.81718112759011 1.48276041470783
1.01191093186685 0.0289831462201476
1.64064855937413 1.29038676264643
3.71224243740713 -2.63378966415976
1.00211631583438 0.148213920382722
1.00588850812507 -0.664339527854851
3.32823818527503 -2.81393936670555
1.2148187741446 0.985101097240914
1.01271537942758 0.13656329420598
1.36321506227965 1.03105054279515
4.31430495615648 3.38568361363728
1.0079703165562 -0.195838300009023
1.01387242095197 0.342487342422078
3.18689817516737 2.92021838403394
1.00669117081791 0.0560980983360235
1.05421544701995 -0.266238661219211
2.39486048662164 2.25876582034239
3.47354800987654 3.1707673939262
1.24206604930467 0.735002695064129
1.68565546263602 1.3875226620509
1.00458330138636 -0.266235618165852
1.09085023346548 -0.664710137181012
1.05311765517538 -0.282285996243572
6.28992811822086 -2.21998639565708
6.7937994180233 -1.901621395673
7.76710040113931 -0.811686922398028
7.69377437065245 -0.757774704890409
7.82668379286053 0.706193785480295
6.38691851555033 -2.46222144428608
7.57297394467875 -1.12744217661075
7.11070422355227 1.84743830379937
7.64252734257698 -1.28665770882343
5.8393085738372 2.749347056965
7.32462404456272 1.4994978477195
4.82455922836415 3.41102396315108
5.82367580172542 -2.82231154694899
4.94846354584404 3.22850535767878
7.24484766978 1.60533683354801
5.36857755565824 -3.0238899884734
7.31846016834447 -1.58765181021591
7.45576716003387 -1.58308868830109
4.57005055187512 -3.55186372174128
6.12219284732659 -2.51743379851859
7.96702469644144 -0.33030871766057
7.8211424227053 -0.914745302783888
5.52401055006572 3.09757503035444
5.13591201845366 3.27752041080244
6.46368860663028 2.16730692330811
5.49090517092052 2.95782033798353
7.92498195427191 -0.392701503626439
7.81957072369662 0.715876819654094
7.62117238362159 -1.39745227126296
5.31988604003141 3.01704496129422
5.5125185042775 -2.94140900643874
7.85873446819935 0.57525764740865
7.15222802789914 -1.59770371190467
7.91840724211952 0.706490004346362
5.67711840961707 3.08511545713483
7.25780176822336 1.52791969012307
7.43982161133395 -1.63353616057244
7.97867506944268 -0.30664883660999
4.84050618358739 -3.68785902074619
7.93998613745414 -0.517746884675957
7.82717583144986 -0.830792139409517
7.26072785381104 1.25032084673474
7.17193968557714 -1.55234956409928
6.27571260478865 2.65591319255122
7.97891351851187 -0.236242599798256
6.93802397080208 -2.26535919821226
7.99524546889026 0.177706644015512
6.36947328352368 -2.28697105508229
7.89497531982234 0.584835335834486
5.81923769657331 2.79079567518977
7.86914538434932 -0.751765350039801
7.97498919724464 0.237444189699272
7.9072326764778 0.595063998349633
5.37660961276157 2.75370808110018
7.88249641959029 -0.525062857172446
7.0649353152537 1.60592785649159
7.26775939627189 1.37870471107647
7.99868549307743 -0.117949112414898
7.02288908088713 -1.96639346104401
7.65040627380311 -1.0282724266498
6.42608170681449 2.33535998595103
5.23705726786562 -3.18536735848728
7.45770235471323 -1.15120337575489
7.93284276923469 0.637876561659058
7.84192073763917 0.834995079485136
7.96082852668995 -0.0927723206673647
5.61623291121252 2.81580133696001
6.75222898161116 -2.17591967008044
7.76238557659684 -0.816856163012384
6.93483123525136 2.01402686959971
4.65016510452132 -3.59220197250669
7.98693526543212 -0.214476117161444
7.29408102654958 -1.60982401916346
7.71698969995592 -0.918005855612876
5.80257284474646 2.71086848707193
7.98324605190727 0.202575194228244
7.8744129488197 0.642585231259674
5.74764587612561 -2.79680605097559
7.98201013082434 0.207746146406856
7.58412008987244 1.00353571564874
6.66608767638571 -2.24778191087014
6.21314467921147 2.54701942310612
5.01676927969431 -3.22188421290737
7.05260134524375 -1.94450271586571
7.88949607963517 0.77567754855345
4.52118487508869 3.60079314661421
7.52092867036538 -1.44644205551532
7.64533414103529 1.10855488504352
7.99183936201328 -0.0492959788920313
7.99703240224339 0.0231201563446833
7.68350264709717 -1.29846904026236
7.85755007406113 -0.751796971931996
7.96448885037351 -0.343330940886921
7.17307903508554 -1.8291407806347
5.46872659259116 -2.85163090688371
7.82326190227869 -0.614402542910882
7.55518255819833 1.48152734636752
7.8107175875003 -0.897750512931253
7.04201592830564 1.5977914606938
7.58154584914163 1.17675163163888
6.72544795963336 1.74962432604202
7.18281887240989 -1.75062943396371
7.98808906813315 0.151128162737528
7.35935144062587 -1.85565628874285
5.28775756259287 3.23111041407887
7.99788368416562 0.113223753641933
7.99411149187493 0.178984958199895
5.67176181472497 2.51718752481639
7.7851812258554 -0.818394711630294
7.98728462057242 -0.109030296904277
7.63678493772035 -1.14895212185702
4.68569504384352 -3.37781985761638
7.9920296834438 0.0920063674713162
7.98612757904803 -0.27877222947227
5.81310182483263 -2.7413602278245
7.99330882918209 -0.123418383287225
7.94578455298005 0.551842375914572
6.60513951337836 -2.41266745297081
5.52645199012346 -3.1645322703024
7.75793395069533 -0.970571718507962
7.31434453736398 -1.66622637241433
7.99541669861364 0.204537452468777
7.90914976653452 0.552188449550114
7.94688234482462 0.355518067151132
